212.9431474046181 398.2061115006291 0.25 10
148.74607872429877 398.1819477090621 0.25 10
139.7840651115625 398.19456791558184 0.25 10
519.8033097081147 398.1302916748474 0.25 10
323.5740487847197 327.4305519817373 0.25 10
304.3986519149233 311.1837882464859 0.25 10
306.7725915408819 310.110110740341 0.25 10
152.53082635943946 285.7682376094908 0.25 10
152.31759984753222 303.3643604845724 0.25 10
425.4926829195903 311.50445255680205 0.25 10
148.6363006212048 152.67866878536077 0.25 10
279.64947944384016 269.5074030948848 0.25 10
